-49.356, -15.192, 98.088
-49.076, -16.152, 97.971
-48.803, -17.114, 97.846
-48.535, -18.078, 97.713
-48.274, -19.043, 97.569
-48.02, -20.01, 97.414
-47.774, -20.979, 97.249
-47.536, -21.951, 96.375
-47.307, -22.924, 95.048
-47.086, -23.899, 93.702
-46.878, -24.877, 92.337
-46.68, -25.858, 90.951
-46.493, -26.84, 89.544
-46.321, -27.825, 88.114
-46.164, -28.813, 86.661
-46.023, -29.803, 85.183
-45.9, -30.795, 83.679
-45.798, -31.79, 82.147
-45.717, -32.786, 80.586
-45.664, -33.785, 78.995
-45.639, -34.785, 77.37
-45.648, -35.785, 75.711
-45.696, -36.783, 74.015
-45.788, -37.779, 72.279
-45.931, -38.768, 70.5
-46.137, -39.747, 68.675
-46.41, -40.709, 66.801
-46.765, -41.643, 64.873
-47.21, -42.538, 62.886
-47.752, -43.378, 60.834
-48.392, -44.145, 59.211
-49.125, -44.824, 59.67
-49.939, -45.404, 63.196
-50.817, -45.882, 67.269
-51.74, -46.264, 71.807
-52.695, -46.559, 76.273
-53.671, -46.778, 80.344
-54.659, -46.93, 82.764
-55.654, -47.028, 85.927
-56.653, -47.079, 87.738
-56.411, -47.094, 100
-55.411, -47.103, 100
-54.411, -47.111, 100
-53.411, -47.12, 100
-52.411, -47.129, 100
-51.411, -47.138, 100
-50.411, -47.147, 100
-49.411, -47.156, 100
-48.411, -47.165, 100
-47.411, -47.174, 100
-46.411, -47.183, 100
-45.411, -47.192, 100
-44.411, -47.201, 100
-43.411, -47.21, 100
-42.411, -47.219, 100
-41.411, -47.228, 100
-40.411, -47.237, 100
-39.411, -47.246, 100
-38.411, -47.255, 100
-37.411, -47.264, 100
-36.411, -47.273, 98.965
-35.411, -47.282, 97.673
-34.411, -47.291, 96.364
-33.411, -47.3, 95.037
-32.412, -47.309, 93.691
-31.412, -47.318, 92.325
-31.3, -46.474, 91.148
-31.326, -45.475, 90.867
-31.323, -44.475, 90.609
-31.29, -43.475, 90.38
-31.227, -42.477, 90.181
-31.133, -41.482, 90.017
-31.008, -40.49, 89.89
-30.851, -39.502, 89.774
-30.661, -38.52, 89.748
-30.44, -37.545, 89.764
-30.187, -36.578, 89.822
-29.904, -35.619, 89.92
-29.59, -34.669, 90.056
-29.246, -33.731, 90.328
-28.872, -32.803, 90.548
-28.471, -31.887, 90.797
-28.043, -30.983, 91.07
-27.59, -30.092, 91.363
-27.112, -29.213, 91.673
-26.612, -28.348, 92.161
-26.089, -27.495, 92.497
-25.545, -26.656, 92.837
-24.982, -25.829, 93.179
-24.402, -25.015, 93.52
-23.804, -24.213, 93.858
-23.191, -23.424, 94.192
-22.563, -22.645, 94.519
-21.921, -21.878, 94.838
-21.267, -21.122, 95.148
-20.601, -20.376, 95.449
-19.924, -19.64, 95.739
-19.237, -18.914, 96.02
-18.54, -18.196, 96.289
-17.835, -17.487, 96.547
-17.122, -16.786, 96.174
-16.402, -16.093, 94.844
-15.674, -15.407, 93.495
-14.94, -14.727, 92.127
-14.51, -14.024, 90.984
-15.099, -13.217, 91.585
-15.666, -12.393, 92.063
-16.213, -11.556, 92.438
-16.738, -10.705, 92.638
-17.243, -9.842, 92.812
-17.729, -8.968, 91.433
-18.195, -8.083, 90.034
-18.642, -7.188, 88.612
-19.069, -6.284, 87.167
-19.476, -5.371, 85.697
-19.864, -4.449, 84.202
-20.231, -3.519, 82.68
-20.578, -2.581, 81.13
-20.905, -1.636, 79.549
-21.209, -0.683, 77.936
-21.491, 0.276, 76.29
-21.75, 1.242, 74.606
-21.986, 2.213, 72.884
-22.197, 3.191, 71.12
-22.382, 4.174, 69.312
-22.54, 5.161, 67.455
-22.67, 6.152, 65.545
-22.771, 7.147, 63.578
-22.84, 8.145, 61.548
-22.877, 9.144, 59.449
-22.88, 10.144, 57.273
-22.847, 11.143, 55.011
-22.777, 12.141, 52.652
-22.666, 13.135, 50.182
-22.515, 14.123, 47.584
-22.333, 15.106, 44.836
-22.275, 16.103, 44.831
-22.388, 17.095, 50.851
-22.661, 18.056, 56.751
-23.066, 18.97, 66.052
-23.571, 19.832, 71.682
-24.153, 20.644, 76.555
-24.797, 21.41, 82.405
-25.485, 22.135, 85.444
-26.208, 22.825, 87.918
-26.96, 23.485, 89.932
-27.734, 24.118, 90.795
-28.527, 24.727, 92.284
-29.335, 25.316, 93.51
-30.155, 25.888, 94.042
-30.987, 26.443, 94.973
-31.827, 26.985, 95.757
-32.676, 27.515, 96.103
-33.53, 28.034, 96.719
-34.391, 28.543, 96.995
-35.256, 29.044, 97.493
-36.126, 29.538, 97.719
-36.999, 30.025, 98.134
-37.876, 30.507, 98.325
-38.755, 30.983, 98.681
-39.636, 31.456, 98.849
-40.519, 31.925, 99.01
-41.404, 32.391, 99.319
-42.29, 32.855, 99.468
-43.177, 33.317, 99.614
-44.064, 33.778, 99.903
-44.952, 34.238, 99.953
-45.84, 34.699, 99.664
-46.727, 35.16, 99.517
-47.614, 35.622, 99.368
-48.499, 36.087, 99.057
-49.384, 36.553, 98.5
-50.267, 37.022, 97.203
-51.148, 37.495, 95.887
-52.027, 37.973, 94.553
-52.903, 38.455, 93.201
-53.775, 38.943, 91.828
-54.644, 39.439, 90.434
-55.509, 39.941, 89.019
-56.368, 40.453, 87.581
-57.221, 40.974, 86.118
-58.067, 41.508, 84.631
-58.497, 41.959, 83.69
-57.505, 42.09, 82.158
-56.514, 42.221, 80.598
-55.523, 42.352, 79.006
-54.531, 42.483, 77.382
-53.54, 42.614, 75.723
-52.549, 42.745, 74.027
-51.557, 42.876, 72.291
-50.566, 43.007, 70.512
-49.574, 43.138, 68.688
-48.583, 43.269, 66.813
-47.592, 43.399, 64.885
-46.6, 43.53, 62.897
-45.609, 43.661, 60.844
-44.617, 43.792, 58.72
-43.626, 43.923, 56.515
-42.635, 44.054, 54.222
-41.643, 44.185, 51.827
-40.652, 44.316, 49.315
-39.66, 44.447, 46.669
-38.669, 44.578, 43.863
-37.678, 44.709, 40.866
-36.686, 44.84, 37.63
-35.695, 44.971, 34.088
-34.703, 45.102, 30.133
-33.712, 45.233, 25.573
-32.721, 45.364, 20
-31.599, 45.512, 0
-31.599, 45.512, 0
-11.771, 48.131, 0
endData
127
100
200
-49.356, -15.192, -41.978, -40.24, -46.115, -46.917, -57.032, -47.088
-57.032, -47.088, -44.144, -47.203, -44.144, -47.203, -31.257, -47.319
-31.257, -47.319, -32.11, -33.844, -25.288, -24.1, -14.371, -14.208
-14.371, -14.208, -19.829, -7.044, -24.435, 4.896, -22.388, 14.789
-22.388, 14.789, -20.341, 24.681, -45.244, 33.06, -58.719, 41.93
-58.719, 41.93, -45.159, 43.721, -45.159, 43.721, -31.599, 45.512
#PATH.JERRYIO-DATA {"appVersion":"0.10.0","format":"LemLib v0.5","gc":{"robotWidth":14,"robotHeight":15,"robotIsHolonomic":false,"showRobot":true,"uol":2.54,"pointDensity":1,"controlMagnetDistance":1.968503937007874,"fieldImage":{"displayName":"V5RC 2026 - Push Back","signature":"V5RC-PushBack-H2H-TopDownHighlighted-TileColor66_71","origin":{"__type":"built-in"}},"coordinateSystem":"VEX Gaming Positioning System"},"paths":[{"segments":[{"controls":[{"uid":"yEv5qCKNJP","x":-49.35610346080482,"y":-15.192198404670313,"lock":false,"visible":true,"heading":353.50000000000006,"__type":"end-point"},{"uid":"iKcLb7KEJJ","x":-41.97826114968305,"y":-40.23988202415548,"lock":false,"visible":true,"__type":"control"},{"uid":"gXlLy2Rb1V","x":-46.11535186084275,"y":-46.917450909562135,"lock":false,"visible":true,"__type":"control"},{"uid":"hr14Dj2zQm","x":-57.031567776504446,"y":-47.08801678324434,"lock":false,"visible":true,"heading":0,"__type":"end-point"}],"speedProfiles":[],"lookaheadKeyframes":[],"uid":"Rkk6D6UEB7"},{"controls":[{"uid":"hr14Dj2zQm","x":-57.031567776504446,"y":-47.08801678324434,"lock":false,"visible":true,"heading":0,"__type":"end-point"},{"uid":"1QIVGRCopS","x":-31.257396148455037,"y":-47.31894463154471,"lock":false,"visible":true,"heading":0,"__type":"end-point"}],"speedProfiles":[],"lookaheadKeyframes":[],"uid":"IApO7MSfSu"},{"controls":[{"uid":"1QIVGRCopS","x":-31.257396148455037,"y":-47.31894463154471,"lock":false,"visible":true,"heading":0,"__type":"end-point"},{"uid":"Y8KXYx9SbF","x":-32.11022551686611,"y":-33.84424061064979,"lock":false,"visible":true,"__type":"control"},{"uid":"ZTcdWEXzVa","x":-25.287590569577546,"y":-24.100452403423247,"lock":false,"visible":true,"__type":"control"},{"uid":"Z4wYnhr68J","x":-14.37137465391585,"y":-14.207631729854828,"lock":false,"visible":true,"heading":0,"__type":"end-point"}],"speedProfiles":[],"lookaheadKeyframes":[],"uid":"XXOz9QUTiD"},{"controls":[{"uid":"Z4wYnhr68J","x":-14.37137465391585,"y":-14.207631729854828,"lock":false,"visible":true,"heading":0,"__type":"end-point"},{"uid":"wTquXuejP5","x":-19.8294826117467,"y":-7.043865035201827,"lock":false,"visible":true,"__type":"control"},{"uid":"RrgitVan1v","x":-24.434761201166474,"y":4.895746122553143,"lock":false,"visible":true,"__type":"control"},{"uid":"Nn9ojOg2yO","x":-22.387970716979904,"y":14.78856679612156,"lock":false,"visible":true,"heading":0,"__type":"end-point"}],"speedProfiles":[],"lookaheadKeyframes":[],"uid":"epT4nvuOlP"},{"controls":[{"uid":"Nn9ojOg2yO","x":-22.387970716979904,"y":14.78856679612156,"lock":false,"visible":true,"heading":0,"__type":"end-point"},{"uid":"9hSzDTK5ZG","x":-20.341180232793334,"y":24.681387469689977,"lock":false,"visible":true,"__type":"control"},{"uid":"1NgKJbXR4n","x":-45.243797790396584,"y":33.0604272234059,"lock":false,"visible":true,"__type":"control"},{"uid":"WYBBclzVCQ","x":-58.71850181129149,"y":41.929852654881024,"lock":false,"visible":true,"heading":344.8,"__type":"end-point"}],"speedProfiles":[],"lookaheadKeyframes":[],"uid":"ACLQBHGhQq"},{"controls":[{"uid":"WYBBclzVCQ","x":-58.71850181129149,"y":41.929852654881024,"lock":false,"visible":true,"heading":344.8,"__type":"end-point"},{"uid":"17uOxPtRHr","x":-31.59852789581946,"y":45.51173600220752,"lock":false,"visible":true,"heading":0,"__type":"end-point"}],"speedProfiles":[],"lookaheadKeyframes":[],"uid":"mRdXaykzWH"}],"pc":{"speedLimit":{"minLimit":{"value":0,"label":"0"},"maxLimit":{"value":127,"label":"127"},"step":1,"from":20,"to":100},"bentRateApplicableRange":{"minLimit":{"value":0,"label":"0"},"maxLimit":{"value":1,"label":"1"},"step":0.001,"from":0,"to":0.1},"maxDecelerationRate":127},"name":"Path","uid":"LB62dXrV2k","lock":false,"visible":true}]}