-46.645, -13.695, 99.49
-45.651, -13.805, 99.494
-44.659, -13.93, 99.499
-43.669, -14.071, 99.501
-42.681, -14.229, 99.504
-41.696, -14.401, 99.505
-40.714, -14.589, 99.504
-39.735, -14.793, 99.502
-38.759, -15.011, 99.501
-37.787, -15.246, 99.496
-36.819, -15.496, 99.49
-35.855, -15.762, 99.486
-34.895, -16.043, 99.478
-33.94, -16.339, 99.473
-32.991, -16.653, 99.462
-32.046, -16.981, 99.449
-31.108, -17.327, 99.442
-30.176, -17.688, 99.426
-29.25, -18.066, 99.418
-28.332, -18.462, 99.4
-27.42, -18.874, 99.38
-26.518, -19.305, 99.369
-25.624, -19.754, 99.346
-24.74, -20.22, 99.334
-23.865, -20.705, 99.309
-23.001, -21.208, 99.281
-22.149, -21.732, 99.267
-21.309, -22.275, 99.237
-20.482, -22.837, 99.221
-19.67, -23.42, 99.188
-18.873, -24.024, 99.154
-18.091, -24.648, 99.136
-17.328, -25.294, 99.1
-16.583, -25.96, 99.063
-15.857, -26.648, 99.044
-15.153, -27.359, 99.007
-14.471, -28.09, 98.969
-13.813, -28.843, 98.951
-13.182, -29.618, 98.915
-12.576, -30.414, 98.881
-11.998, -31.23, 98.849
-11.452, -32.067, 98.835
-10.936, -32.924, 98.809
-10.452, -33.799, 98.788
-10.003, -34.692, 98.779
-9.589, -35.602, 98.766
-9.209, -36.527, 98.76
-8.867, -37.467, 98.759
-8.562, -38.419, 98.763
-8.762, -37.779, 100
-9.059, -36.824, 100
-9.355, -35.869, 100
-9.652, -34.914, 100
-9.949, -33.959, 100
-10.246, -33.004, 100
-10.542, -32.049, 100
-10.839, -31.094, 100
-11.136, -30.139, 100
-11.432, -29.184, 100
-11.729, -28.229, 100
-12.026, -27.274, 100
-12.323, -26.319, 100
-12.619, -25.364, 100
-12.916, -24.409, 100
-13.213, -23.454, 100
-13.509, -22.499, 100
-13.806, -21.544, 100
-14.103, -20.589, 100
-14.4, -19.634, 100
-14.696, -18.679, 98.759
-14.993, -17.724, 97.464
-14.855, -18.206, 96.809
-14.65, -19.184, 96.529
-14.552, -20.179, 96.435
-14.568, -21.178, 96.359
-14.698, -22.169, 96.438
-14.939, -23.139, 96.65
-15.282, -24.077, 96.952
-15.716, -24.978, 97.298
-16.228, -25.836, 97.647
-16.804, -26.653, 97.976
-17.436, -27.428, 98.127
-18.115, -28.162, 98.401
-18.829, -28.861, 98.636
-19.577, -29.526, 98.739
-20.35, -30.159, 98.921
-21.146, -30.765, 98.984
-21.961, -31.344, 97.693
-22.792, -31.9, 96.384
-23.638, -32.434, 95.058
-24.496, -32.947, 93.712
-25.364, -33.444, 92.347
-26.242, -33.922, 90.961
-27.129, -34.384, 89.554
-28.022, -34.833, 88.125
-28.923, -35.268, 86.672
-29.829, -35.69, 85.194
-30.741, -36.101, 83.69
-31.657, -36.501, 82.158
-32.579, -36.89, 80.598
-33.504, -37.27, 79.006
-34.432, -37.641, 77.382
-35.364, -38.004, 75.723
-36.299, -38.358, 74.027
-37.237, -38.705, 72.291
-38.178, -39.045, 70.512
-39.12, -39.379, 68.688
-40.065, -39.707, 66.813
-41.012, -40.028, 64.884
-41.961, -40.344, 62.897
-42.911, -40.655, 60.844
-43.863, -40.962, 58.72
-44.816, -41.263, 56.515
-45.771, -41.561, 54.222
-46.727, -41.855, 51.827
-47.684, -42.146, 49.315
-48.641, -42.433, 46.669
-49.6, -42.718, 43.863
-50.559, -43.001, 40.866
-51.519, -43.281, 37.63
-52.479, -43.56, 34.088
-53.44, -43.839, 30.133
-54.4, -44.117, 25.573
-55.361, -44.395, 20
-56.423, -44.706, 0
-56.423, -44.706, 0
-75.621, -50.311, 0
endData
127
100
200
-46.645, -13.695, -30.955, -15.295, -12.986, -23.25, -8.514, -38.577
-8.514, -38.577, -11.791, -28.031, -11.791, -28.031, -15.067, -17.486
-15.067, -17.486, -10.104, -32.217, -41.692, -40.382, -56.423, -44.706
#PATH.JERRYIO-DATA {"appVersion":"0.10.0","format":"LemLib v0.5","gc":{"robotWidth":14,"robotHeight":15,"robotIsHolonomic":false,"showRobot":true,"uol":2.54,"pointDensity":1,"controlMagnetDistance":1.968503937007874,"fieldImage":{"displayName":"V5RC 2026 - Push Back","signature":"V5RC-PushBack-H2H-TopDownHighlighted-TileColor66_71","origin":{"__type":"built-in"}},"coordinateSystem":"VEX Gaming Positioning System"},"paths":[{"segments":[{"controls":[{"uid":"IuU8mQhs3M","x":-46.64485791255098,"y":-13.694625141519133,"lock":false,"visible":true,"heading":99.60000000000014,"__type":"end-point"},{"uid":"3QidCHYw8E","x":-30.9545567968905,"y":-15.295201024455267,"lock":false,"visible":true,"__type":"control"},{"uid":"6u26cRfv3E","x":-12.985585617534886,"y":-23.250197091814275,"lock":false,"visible":true,"__type":"control"},{"uid":"WdcaFwgXKf","x":-8.514097093947257,"y":-38.57650091104575,"lock":false,"visible":true,"heading":166.49999999999986,"__type":"end-point"}],"speedProfiles":[],"lookaheadKeyframes":[],"uid":"JY37ubE2v0"},{"controls":[{"uid":"WdcaFwgXKf","x":-8.514097093947257,"y":-38.57650091104575,"lock":false,"visible":true,"heading":166.49999999999986,"__type":"end-point"},{"uid":"DUFJJKJqmt","x":-15.067078053873228,"y":-17.48606419118502,"lock":false,"visible":true,"heading":44.4999999999999,"__type":"end-point"}],"speedProfiles":[],"lookaheadKeyframes":[],"uid":"PrgafthHAs"},{"controls":[{"uid":"DUFJJKJqmt","x":-15.067078053873228,"y":-17.48606419118502,"lock":false,"visible":true,"heading":44.4999999999999,"__type":"end-point"},{"uid":"9fEJzRyvsC","x":-10.103519167220258,"y":-32.21662604834865,"lock":false,"visible":true,"__type":"control"},{"uid":"ivdBHuDdBk","x":-41.692436462981405,"y":-40.38248099090676,"lock":false,"visible":true,"__type":"control"},{"uid":"Yl4az6roPK","x":-56.422998320145034,"y":-44.70558066637869,"lock":false,"visible":true,"heading":0,"__type":"end-point"}],"speedProfiles":[],"lookaheadKeyframes":[],"uid":"zcCGoM3Vdc"}],"pc":{"speedLimit":{"minLimit":{"value":0,"label":"0"},"maxLimit":{"value":127,"label":"127"},"step":1,"from":20,"to":100},"bentRateApplicableRange":{"minLimit":{"value":0,"label":"0"},"maxLimit":{"value":1,"label":"1"},"step":0.001,"from":0,"to":1},"maxDecelerationRate":127},"name":"Path","uid":"ilqKfHdBSd","lock":false,"visible":true}]}