-57.334, -12.899, 97.257
-56.538, -13.504, 97.085
-55.737, -14.103, 96.907
-54.93, -14.694, 96.527
-54.117, -15.276, 96.326
-53.298, -15.849, 95.898
-52.471, -16.411, 95.672
-51.637, -16.963, 95.437
-50.795, -17.502, 94.939
-49.945, -18.029, 94.677
-49.086, -18.541, 94.124
-48.218, -19.037, 93.535
-47.34, -19.516, 93.227
-46.452, -19.976, 92.586
-45.554, -20.417, 92.254
-44.645, -20.834, 91.569
-43.726, -21.228, 90.865
-42.797, -21.596, 90.507
-41.856, -21.935, 89.791
-40.905, -22.245, 89.082
-39.945, -22.522, 88.399
-38.974, -22.765, 88.072
-37.996, -22.97, 87.46
-37.01, -23.136, 86.923
-36.018, -23.262, 86.479
-35.022, -23.347, 86.147
-34.023, -23.387, 86.028
-33.023, -23.383, 85.891
-32.024, -23.333, 85.894
-31.028, -23.24, 86.037
-30.038, -23.104, 86.316
-29.054, -22.923, 86.502
-28.08, -22.699, 86.96
-27.115, -22.436, 87.515
-26.162, -22.135, 87.822
-25.221, -21.795, 88.483
-24.293, -21.423, 89.187
-23.379, -21.017, 89.549
-22.48, -20.581, 90.282
-21.593, -20.118, 90.648
-20.722, -19.627, 91.371
-19.865, -19.113, 91.725
-19.021, -18.576, 92.412
-18.192, -18.017, 92.742
-17.375, -17.441, 93.064
-16.571, -16.845, 93.677
-15.781, -16.233, 93.968
-15.002, -15.606, 94.248
-14.234, -14.965, 94.776
-13.479, -14.31, 95.024
-12.734, -13.643, 95.2
-13.039, -13.92, 100
-13.779, -14.593, 100
-14.519, -15.266, 100
-15.259, -15.939, 100
-15.999, -16.611, 100
-16.739, -17.284, 100
-17.478, -17.957, 100
-18.218, -18.629, 99.681
-18.958, -19.302, 98.399
-19.698, -19.975, 97.1
-20.438, -20.647, 95.783
-21.178, -21.32, 94.448
-21.918, -21.993, 93.093
-22.658, -22.665, 91.719
-23.398, -23.338, 90.324
-24.138, -24.011, 88.906
-24.214, -24.058, 88.778
-23.514, -23.344, 87.336
-22.842, -22.604, 85.87
-22.202, -21.835, 85.038
-21.6, -21.037, 83.531
-21.039, -20.209, 82.059
-20.526, -19.351, 80.757
-20.065, -18.464, 79.716
-19.661, -17.55, 79.018
-19.32, -16.61, 78.736
-19.044, -15.649, 79.086
-18.831, -14.672, 79.844
-18.681, -13.684, 80.952
-18.592, -12.688, 83.105
-18.559, -11.688, 84.745
-18.575, -10.689, 86.459
-18.635, -9.691, 88.184
-18.733, -8.695, 89.87
-18.864, -7.704, 92.254
-19.021, -6.717, 93.72
-19.199, -5.733, 95.076
-19.395, -4.752, 96.322
-19.603, -3.774, 97.46
-19.821, -2.798, 98.496
-20.044, -1.823, 99.436
-20.271, -0.849, 99.872
-20.498, 0.125, 99.32
-20.724, 1.099, 98.591
-20.946, 2.074, 97.935
-21.163, 3.05, 97.633
-21.371, 4.028, 97.078
-21.572, 5.008, 96.585
-21.762, 5.99, 96.36
-21.941, 6.973, 95.954
-22.108, 7.959, 95.602
-22.261, 8.948, 95.446
-22.4, 9.938, 95.172
-22.524, 10.93, 95.054
-22.633, 11.924, 94.855
-22.726, 12.92, 94.653
-22.803, 13.917, 93.301
-22.861, 14.915, 91.93
-22.906, 15.914, 90.538
-22.962, 16.913, 90.318
-23.044, 17.909, 90.102
-23.162, 18.902, 89.688
-23.309, 19.891, 89.491
-23.491, 20.874, 89.124
-23.704, 21.851, 88.955
-23.953, 22.82, 88.65
-24.235, 23.779, 88.516
-24.554, 24.727, 88.288
-24.904, 25.663, 88.195
-25.293, 26.585, 88.053
-25.714, 27.492, 87.971
-26.17, 28.381, 87.952
-26.66, 29.253, 87.96
-27.182, 30.106, 87.986
-27.738, 30.937, 88.08
-28.323, 31.748, 88.226
-28.939, 32.536, 88.317
-29.584, 33.3, 88.531
-30.255, 34.041, 88.782
-30.955, 34.755, 88.92
-31.678, 35.446, 89.215
-32.424, 36.112, 89.371
-33.193, 36.75, 89.696
-33.982, 37.365, 90.032
-34.792, 37.952, 90.204
-35.618, 38.515, 90.549
-36.462, 39.052, 90.721
-37.321, 39.563, 91.065
-38.194, 40.051, 91.234
-39.081, 40.513, 91.568
-39.979, 40.952, 91.732
-40.889, 41.366, 92.051
-41.809, 41.758, 92.206
-42.739, 42.125, 92.506
-43.677, 42.472, 92.651
-44.624, 42.795, 92.93
-45.577, 43.098, 93.064
-46.536, 43.378, 93.32
-47.502, 43.639, 93.443
-48.472, 43.879, 93.678
-49.448, 44.099, 93.789
-50.427, 44.301, 93.897
-51.411, 44.482, 94.103
-52.397, 44.646, 94.2
-53.387, 44.791, 94.385
-54.379, 44.917, 94.472
-55.373, 45.027, 94.556
-56.368, 45.119, 94.714
-57.366, 45.194, 94.789
-58.364, 45.254, 94.86
-59.363, 45.296, 94.978
-59.225, 45.33, 100
-58.226, 45.365, 100
-57.226, 45.401, 100
-56.227, 45.436, 100
-55.228, 45.471, 100
-54.228, 45.507, 100
-53.229, 45.542, 100
-52.229, 45.578, 100
-51.23, 45.613, 100
-50.231, 45.648, 100
-49.231, 45.684, 100
-48.232, 45.719, 100
-47.233, 45.754, 100
-46.233, 45.79, 100
-45.234, 45.825, 100
-44.234, 45.861, 100
-43.235, 45.896, 100
-42.236, 45.931, 100
-41.236, 45.967, 100
-40.237, 46.002, 100
-39.238, 46.037, 100
-38.238, 46.073, 100
-37.239, 46.108, 100
-36.239, 46.144, 100
-35.24, 46.179, 100
-34.241, 46.214, 100
-33.241, 46.25, 100
-32.242, 46.285, 100
-31.243, 46.32, 100
-30.243, 46.356, 100
-29.244, 46.391, 100
-28.872, 45.735, 99.286
-28.813, 44.737, 99.439
-28.756, 43.739, 98.983
-28.699, 42.74, 97.691
-28.644, 41.742, 96.382
-28.587, 40.743, 95.056
-28.527, 39.745, 93.71
-28.464, 38.747, 92.345
-28.394, 37.75, 90.959
-28.316, 36.753, 89.552
-28.227, 35.757, 88.122
-28.123, 34.762, 86.669
-28.003, 33.769, 85.191
-27.86, 32.78, 83.687
-27.691, 31.794, 82.156
-27.493, 30.814, 80.595
-27.259, 29.842, 79.004
-26.984, 28.88, 77.38
-26.667, 27.932, 75.721
-26.302, 27.001, 74.025
-25.889, 26.09, 72.289
-25.427, 25.204, 70.511
-24.918, 24.343, 68.686
-24.364, 23.511, 66.812
-23.768, 22.708, 64.883
-23.136, 21.933, 62.896
-22.471, 21.187, 60.843
-21.777, 20.467, 58.719
-21.057, 19.772, 56.515
-20.317, 19.101, 54.221
-19.557, 18.45, 51.826
-18.782, 17.819, 49.315
-17.993, 17.205, 46.669
-17.191, 16.606, 43.863
-16.379, 16.022, 40.865
-15.559, 15.451, 37.63
-14.73, 14.891, 34.088
-13.895, 14.342, 30.133
-13.053, 13.802, 25.573
-12.205, 13.271, 20
-11.423, 12.789, 0
-11.423, 12.789, 0
5.607, 2.303, 0
endData
127
100
200
-57.334, -12.899, -42.03, -24.65, -29.186, -28.749, -12.516, -13.445
-12.516, -13.445, -18.528, -18.911, -18.528, -18.911, -24.541, -24.377
-24.541, -24.377, -12.516, -12.899, -22.218, -3.197, -22.901, 15.796
-22.901, 15.796, -23.584, 34.789, -39.844, 44.763, -59.794, 45.31
-59.794, 45.31, -44.353, 45.856, -44.353, 45.856, -28.913, 46.403
-28.913, 46.403, -27.82, 28.913, -28.913, 23.447, -11.423, 12.789
#PATH.JERRYIO-DATA {"appVersion":"0.10.0","format":"LemLib v0.5","gc":{"robotWidth":14.5,"robotHeight":14.5,"robotIsHolonomic":false,"showRobot":true,"uol":2.54,"pointDensity":1,"controlMagnetDistance":0.7750015500031,"fieldImage":{"displayName":"V5RC 2026 - Push Back","signature":"V5RC-PushBack-H2H-TopDownHighlighted-TileColor66_71","origin":{"__type":"built-in"}},"coordinateSystem":"VEX Gaming Positioning System"},"paths":[{"segments":[{"controls":[{"uid":"Ge14NaVNUt","x":-57.334121327384864,"y":-12.89881089920193,"lock":false,"visible":true,"heading":0,"__type":"end-point"},{"uid":"RUPDHTw5zQ","x":-42.030447379179186,"y":-24.649846252288437,"lock":false,"visible":true,"__type":"control"},{"uid":"58gxfxXGxd","x":-29.186292458363702,"y":-28.749044631272106,"lock":false,"visible":true,"__type":"control"},{"uid":"m0IVexINDD","x":-12.516219050496796,"y":-13.44537068306642,"lock":false,"visible":true,"heading":50.29999999999996,"__type":"end-point"}],"speedProfiles":[],"lookaheadKeyframes":[],"uid":"260HW9Xqdu"},{"controls":[{"uid":"m0IVexINDD","x":-12.516219050496796,"y":-13.44537068306642,"lock":false,"visible":true,"heading":50.29999999999996,"__type":"end-point"},{"uid":"G6r1YjvWsK","x":-24.54053429551555,"y":-24.376566360356193,"lock":false,"visible":true,"heading":43.60000000000005,"__type":"end-point"}],"speedProfiles":[],"lookaheadKeyframes":[],"uid":"ha3eM7aEXJ"},{"controls":[{"uid":"G6r1YjvWsK","x":-24.54053429551555,"y":-24.376566360356193,"lock":false,"visible":true,"heading":43.60000000000005,"__type":"end-point"},{"uid":"uzIhpoxREm","x":-12.516219050496796,"y":-12.89881089920193,"lock":false,"visible":true,"__type":"control"},{"uid":"iPLW7B6NvU","x":-22.217655214091472,"y":-3.1973747356072555,"lock":false,"visible":true,"__type":"control"},{"uid":"H42PgWyQyu","x":-22.90085494392208,"y":15.795577753683729,"lock":false,"visible":true,"heading":0,"__type":"end-point"}],"speedProfiles":[],"lookaheadKeyframes":[],"uid":"OJBNzvgNzB"},{"controls":[{"uid":"H42PgWyQyu","x":-22.90085494392208,"y":15.795577753683729,"lock":false,"visible":true,"heading":0,"__type":"end-point"},{"uid":"4cokDpb6mR","x":-23.584054673752686,"y":34.78853024297472,"lock":false,"visible":true,"__type":"control"},{"uid":"IGvmGsoMoD","x":-39.844208243721226,"y":44.76324629850163,"lock":false,"visible":true,"__type":"control"},{"uid":"ACRZg8GnAc","x":-59.79364035477507,"y":45.30980608236612,"lock":false,"visible":true,"heading":0,"__type":"end-point"}],"speedProfiles":[],"lookaheadKeyframes":[],"uid":"mmZHyY8lHK"},{"controls":[{"uid":"ACRZg8GnAc","x":-59.79364035477507,"y":45.30980608236612,"lock":false,"visible":true,"heading":0,"__type":"end-point"},{"uid":"lIcuurxgv4","x":-28.913012566431455,"y":46.40292565009509,"lock":false,"visible":true,"heading":0,"__type":"end-point"}],"speedProfiles":[],"lookaheadKeyframes":[],"uid":"hrAJir2TKm"},{"controls":[{"uid":"lIcuurxgv4","x":-28.913012566431455,"y":46.40292565009509,"lock":false,"visible":true,"heading":0,"__type":"end-point"},{"uid":"p2ahbO7rVu","x":-27.819892998702482,"y":28.913012566431455,"lock":false,"visible":true,"__type":"control"},{"uid":"QFh1mKaGUV","x":-28.913012566431455,"y":23.44741472778657,"lock":false,"visible":true,"__type":"control"},{"uid":"23MSVKcERE","x":-11.423099482767817,"y":12.789498942429038,"lock":false,"visible":true,"heading":134.4,"__type":"end-point"}],"speedProfiles":[],"lookaheadKeyframes":[],"uid":"QtFXb6h6Zy"}],"pc":{"speedLimit":{"minLimit":{"value":0,"label":"0"},"maxLimit":{"value":127,"label":"127"},"step":1,"from":20,"to":100},"bentRateApplicableRange":{"minLimit":{"value":0,"label":"0"},"maxLimit":{"value":1,"label":"1"},"step":0.001,"from":0,"to":0.1},"maxDecelerationRate":127},"name":"Path","uid":"WAIvnl3uXc","lock":false,"visible":true}]}